(542,63)
(567,83)
(963,562)
(916,718)
(987,818)
(295,549)
(539,239)
(720,660)
(381,540)
(870,550)
(285,805)
(233,308)
(755,360)
(514,401)
(560,233)
(883,882)
(41,119)
(38,341)
(236,642)
(413,747)
(465,809)
(929,743)
(70,788)
(343,223)
(909,306)
(682,738)
(733,463)
(85,359)
(594,635)
(756,511)
(717,579)
(862,62)
(274,63)
(918,774)
(666,909)
(267,630)
(835,516)
(527,342)
(927,121)
(711,756)
(100,211)
(492,877)
(68,320)
(985,345)
(299,247)
(963,16)
(396,773)
(764,807)
(234,995)
(969,257)
(346,983)
(973,319)
(703,491)
(635,955)
(782,749)
(573,947)
(787,795)
(549,374)
(630,606)
(517,560)
(600,648)
(900,611)
(108,818)
(995,176)
(21,925)
(981,452)
(214,856)
(110,56)
(648,757)
(503,353)
(361,28)
(869,626)
(737,389)
(741,972)
(704,365)
(804,795)
(308,162)
(821,378)
(363,244)
(224,384)
(714,212)
(946,625)
(449,812)
(594,941)
(44,717)
(552,641)
(721,130)
(984,281)
(696,613)
(887,670)
(123,94)
(945,848)
(479,17)
(231,611)
(898,743)
(625,548)
(376,659)
(663,713)
(810,693)
(818,716)
(959,215)
(456,67)
(382,130)
(732,109)
(502,339)
(773,695)
(169,107)
(204,807)
(869,503)
(941,170)
(267,572)
(966,928)
(914,73)
(457,231)
(52,521)
(680,466)
(894,316)
(887,124)
(788,676)
(114,417)
(28,81)
(329,116)
(380,844)
(795,187)
(54,914)
(425,95)
(403,285)
(815,879)
(151,735)
(722,765)
(537,955)
(446,936)
(421,161)
(189,349)
(191,647)
(129,357)
(12,838)
(385,415)
(325,427)
(387,852)
(119,107)
(251,18)
(651,821)
(626,602)
(861,928)
(42,934)
(225,841)
(280,823)
(772,877)
(715,308)
(377,518)
(175,575)
(205,681)
(138,835)
(974,240)
(51,874)
(549,290)
(74,449)
(88,962)
(388,344)
(0,689)
(790,153)
(381,967)
(363,113)
(494,962)
(832,495)
(85,642)
(656,496)
(585,678)
(602,571)
(2,555)
(411,780)
(746,717)
(683,959)
(353,937)
(462,958)
(730,422)
(31,665)
(665,443)
(779,677)
(76,946)
(883,594)
(195,850)
(83,925)
(760,643)
(24,262)
(321,91)
(375,766)
(216,814)
(495,334)
(683,507)
(223,858)
(285,204)
(218,164)
(183,148)
(178,446)
(907,426)
(776,874)
(75,320)
(683,3)
0
42
125
70
27
23
76
92
121
11
92
40
90
113
141
135
194
185
121
32
159
157
67
125
181
121
120
40
16
11
40
157
42
126
79
137
90
195
198
23
189
121
194
90
27
120
163
126
141
106
189
195
76
45
198
113
198
101
159
189
125
133
42
126
163
44
186
79
44
27
121
126
185
78
44
19
90
132
126
40
76
78
120
189
90
141
185
193
102
78
94
126
135
113
141
11
186
126
185
132
27
132
121
67
11
76
137
132
40
90
195
102
15
138
102
132
42
101
132
23
195
186
70
121
101
90
189
11
119
27
163
17
185
23
27
40
185
135
42
78
152
67
125
79
189
81
126
102
193
137
185
90
186
157
137
78
90
101
189
141
124
189
126
198
137
78
92
185
198
138
17
15
125
120
189
91
135
132
76
163
119
138
121
189
195
120
194
186
193
125
79
126
79
140
135
11
137
79
189
17
140
135
42
17
23
32
79
185
145
106
90
141
195
40
193
132
17
141
113
193
172
42
133
79
42
163
126
92
159
79
102
70
102
195
119
135
79
193
27
135
121
67
92
138
101
163
193
27
135
125
16
27
32
92
173
119
140
70
23
44
102
27
40
17
119
11
92
132
157
102
66
106
159
40
16
27
79
120
119
142
186
2
194
125
11
126
120
113
102
11
189
125
32
27
193
67
192
90
135
17
163
132
138
79
44
23
186
27
125
79
70
198
157
198
101
92
186
192
101
195
16
194
44
140
78
198
186
27
140
138
79
194
67
90
92
138
67
40
163
193
44
40
185
78
192
133
185
120
121
16
163
90
138
159
17
133
92
42
16
79
189
140
102
119
186
11
121
137
163
140
138
126
7
77
193
133
194
101
11
159
78
185
22
195
137
198
32
78
27
126
189
27
135
141
107
113
192
135
193
23
102
141
92
198
23
70
189
132
185
121
76
42
125
103
44
192
16
40
137
40
159
141
76
113
76
132
198
138
70
133
140
185
194
138
137
101
85
113
126
79
132
27
137
91
70
59
27
189
192
125
137
67
125
163
195
24
125
42
92
157
119
159
135
101
23
185
23
70
140
198
157
90
27
195
92
23
44
133
101
135
192
27
132
90
195
163
32
189
102
133
70
69
13
87
167
72
0
74
49
45
87
74
12
87
161
51
119
63
6
57
176
38
37
31
43
165
116
86
112
123
115
26
155
112
199
104
149
12
123
52
38
112
116
69
131
123
65
84
57
116
26
14
117
57
74
176
103
123
116
117
43
103
57
112
51
104
72
100
77
154
31
112
156
0
109
161
77
100
112
6
165
176
100
161
165
45
87
104
12
104
112
115
103
51
117
57
51
45
156
63
72
45
56
31
86
24
6
100
116
26
0
63
1
20
86
199
6
37
61
49
65
49
165
69
26
13
52
199
12
196
31
156
80
123
156
196
85
26
104
57
104
167
112
80
165
14
116
57
154
178
6
176
74
51
74
14
176
115
161
1
100
69
199
161
69
24
38
72
26
6
77
100
38
6
176
121
165
52
49
43
116
72
77
37
24
87
52
86
101
69
49
74
115
103
65
80
24
112
63
6
14
196
0
26
72
12
63
87
161
178
49
38
6
26
109
6
31
13
167
123
109
167
1
178
13
43
74
80
65
116
1
112
117
63
24
13
196
0
13
38
74
72
115
52
24
154
37
12
31
16
116
38
57
72
0
1
24
178
161
65
176
30
167
63
149
165
161
14
109
116
57
176
115
77
37
112
196
0
38
24
161
14
65
52
49
112
154
65
191
37
1
167
69
154
12
72
115
167
77
37
161
13
156
117
184
115
154
0
149
110
199
14
51
112
157
52
24
1
100
1
154
6
100
154
12
63
38
115
109
65
176
69
63
116
52
109
169
178
176
199
116
167
112
199
117
51
68
161
149
69
115
167
161
80
43
149
104
86
80
161
117
154
196
6
156
116
154
72
14
176
45
117
116
52
38
115
31
167
196
149
156
196
103
104
12
112
163
13
72
63
1
0
9
6
69
45
37
1
57
115
72
1
83
100
86
199
37
199
116
5
176
154
80
74
13
74
38
116
1
64
115
123
62
161
65
45
24
176
167
161
199
43
117
123
63
13
26
176
115
6
52
178
38
115
13
100
77
57
74
77
199
37
176
115
12
57
178
77
196
176
6
38
13
199
51
43
63
154
72
12
149
167
78
24
38
52
13
52
117
26
86
123
26
176
86
149
38
167
123
161
72
77
74
33
61
81
4
30
173
144
68
55
60
83
197
7
85
4
7
172
4
2
98
7
184
71
7
130
111
52
94
89
71
168
71
81
39
3
85
89
61
98
67
73
29
55
169
89
3
34
2
129
58
53
68
60
73
29
172
75
94
55
97
100
169
75
30
33
85
29
127
89
144
3
21
47
88
197
130
56
2
144
28
168
94
89
81
163
185
81
179
56
111
142
9
28
85
196
105
61
197
73
168
130
169
88
53
47
140
68
143
33
88
60
29
55
148
29
55
190
21
130
9
85
172
143
21
143
190
30
75
47
127
190
179
130
111
169
60
98
29
30
91
179
105
58
98
97
81
4
98
33
28
89
39
129
105
148
39
34
39
60
172
179
169
36
30
190
3
73
91
143
133
25
127
56
105
25
39
99
173
83
2
181
53
143
91
25
34
105
111
34
142
21
129
190
33
91
89
33
30
28
148
2
95
39
102
130
58
71
99
127
173
83
181
148
108
91
98
54
142
9
144
56
68
21
143
21
68
168
142
25
85
98
181
118
18
58
33
127
88
21
130
148
173
29
149
197
3
118
85
168
4
73
4
148
33
179
71
84
196
71
129
105
143
56
169
83
89
168
28
98
181
71
39
169
34
172
85
173
47
71
172
2
111
83
4
30
53
33
7
153
169
85
61
3
29
168
130
47
4
73
47
2
95
2
4
173
75
130
3
30
81
53
108
75
2
97
190
111
21
28
168
81
190
54
169
33
61
29
58
81
73
130
148
99
127
129
25
4
30
51
130
15
73
94
60
3
122
190
54
60
2
33
71
55
30
4
39
118
68
33
181
36
56
95
99
47
58
34
95
33
142
197
56
89
36
179
25
144
2
173
144
21
169
130
9
181
37
47
130
116
197
130
33
162
83
4
71
168
73
39
33
25
3
4
172
130
95
169
181
39
61
168
34
59
33
39
54
181
61
3
54
68
169
190
142
71
83
118
108
181
29
97
129
85
81
29
61
60
184
71
60
2
25
94
85
181
159
56
37
95
88
130
30
179
116
164
29
181
173
99
184
56
59
55
97
105
97
118
61
190
169
89
130
169
54
76
154
89
3
61
89
108
143
55
73
142
83
108
99
29
129
146
50
114
150
170
122
134
147
2
82
48
41
64
35
131
66
84
82
122
174
122
66
153
188
66
139
155
171
150
5
84
123
22
171
114
8
164
166
14
139
64
48
170
5
64
35
147
158
151
20
35
8
114
136
84
150
177
146
174
128
82
64
19
131
107
62
41
114
188
22
180
164
46
107
145
174
66
172
22
146
48
66
62
180
183
153
122
177
82
158
96
19
107
50
128
158
93
166
151
162
50
96
148
134
160
153
114
142
128
12
134
174
66
175
187
139
134
110
151
136
114
175
151
50
93
28
152
82
22
50
82
84
151
20
180
34
162
174
35
146
180
128
64
166
62
10
107
136
150
131
158
22
5
193
35
150
62
20
145
153
187
175
41
162
183
170
66
41
162
110
46
150
182
158
62
158
128
160
122
19
66
93
183
66
164
20
5
155
64
191
187
147
93
150
122
8
174
175
64
46
5
153
18
183
150
183
62
187
41
10
151
183
122
35
8
122
41
183
171
146
65
37
191
164
136
122
177
153
180
93
174
20
177
66
155
158
24
151
183
5
182
122
5
82
128
136
20
82
124
170
42
128
134
122
10
134
128
150
107
50
124
93
106
50
114
50
62
41
182
18
155
183
156
93
147
146
8
155
174
19
77
82
175
64
48
174
93
177
171
177
164
171
153
35
37
150
50
139
131
79
139
66
155
175
8
35
66
183
19
72
174
114
66
114
22
139
62
162
174
164
19
10
166
93
19
160
153
150
114
5
158
110
82
8
22
8
96
166
134
124
155
162
62
158
146
122
128
64
48
46
5
114
129
187
171
8
151
93
50
155
191
134
20
174
10
150
84
64
124
171
191
114
146
188
155
180
124
171
136
84
5
6
122
35
177
50
8
20
153
84
166
147
139
170
50
155
160
18
96
183
8
155
136
160
107
170
174
145
171
124
150
164
145
174
107
64
155
22
84
145
180
177
10
155
122
20
146
124
177
171
75
154
164
122
175
22
10
93
22
131
20
191
19
96
174
96
64
164
150
62
177
66
8
152
145
50
114
171
164
187
180
96
188
84
114
110
20
107
145
152
124
10
124
175
8
187
147
22
134
175
166
136
150
5
55
158
174
128
96
177
90
16
140
185
16
193
6
192
172
90
194
40
106
44
90
197
44
67
16
140
192
40
193
120
90
192
141
40
140
194
16
185
194
32
90
120
44
90
16
140
193
194
193
141
194
141
44
192
32
40
141
106
184
40
120
185
16
140
120
194
192
141
148
194
120
101
106
44
40
140
192
32
140
192
141
120
67
194
40
141
44
193
90
120
193
120
193
32
164
192
90
194
141
192
140
120
185
192
90
32
67
40
193
40
44
16
140
32
141
140
194
67
140
44
40
140
90
194
106
141
106
37
16
190
193
185
141
44
106
185
192
141
194
106
193
106
32
16
194
120
16
32
67
193
90
194
32
106
67
120
193
44
140
193
67
44
67
120
32
120
185
193
185
16
32
192
194
106
193
67
120
16
193
140
40
106
44
40
140
90
192
16
67
194
140
16
90
192
185
16
192
193
67
192
120
16
185
192
140
90
32
44
117
106
185
140
40
193
32
194
67
32
140
67
40
32
40
16
40
16
140
120
140
193
90
32
194
192
141
67
40
141
44
140
185
194
192
140
40
67
41
90
44
120
90
192
44
32
90
32
40
185
16
44
106
67
193
40
169
40
141
90
185
191
90
67
40
168
140
141
32
16
185
141
44
194
185
178
120
44
194
67
100
87
63
80
87
141
154
86
109
63
87
38
49
103
86
117
112
103
31
63
103
154
161
109
129
165
109
86
62
154
86
111
154
38
123
109
45
87
45
63
45
59
100
109
49
63
31
80
117
123
109
45
80
123
38
109
87
112
38
86
109
123
154
80
190
38
49
117
31
80
112
63
49
109
31
63
161
154
31
154
103
86
80
100
87
63
38
100
38
63
49
45
49
109
112
86
154
100
117
45
31
87
109
45
87
161
100
38
161
117
49
109
86
49
63
109
161
86
38
49
112
109
80
49
87
45
31
45
109
103
38
87
112
31
154
38
123
80
86
80
87
154
87
80
38
154
123
31
123
117
112
109
123
154
112
87
100
87
45
86
83
117
109
154
112
185
49
80
38
112
161
87
154
26
87
154
6
80
103
154
86
80
100
117
86
100
80
38
117
87
38
112
80
112
45
38
80
63
38
86
161
85
86
87
123
117
63
123
38
123
38
63
109
49
109
103
86
63
154
123
103
112
161
49
59
63
87
80
63
117
49
123
63
80
86
117
45
49
112
31
117
100
87
86
63
154
80
63
117
109
63
154
38
117
100
123
45
49
109
103
38
117
63
103
80
45
86
38
49
38
86
123
154
161
117
49
154
68
112
80
86
117
49
103
74
117
87
4
56
33
129
91
15
197
111
21
172
197
47
4
54
3
47
197
148
75
99
3
15
39
91
172
61
21
111
47
91
21
15
172
127
197
73
47
94
99
148
21
91
88
4
73
99
111
129
144
189
3
129
47
127
94
56
99
33
15
3
197
33
129
55
62
91
99
47
91
15
197
73
39
15
91
56
4
94
15
44
33
54
73
54
56
99
73
91
144
138
94
54
148
54
129
39
75
180
21
91
94
148
99
4
15
155
4
15
129
73
197
4
172
94
4
172
197
33
73
54
47
148
91
129
75
99
54
75
111
47
15
144
15
99
19
56
15
197
129
127
172
21
47
144
15
94
91
144
39
99
39
91
111
127
56
47
94
56
47
127
3
127
88
172
94
172
144
197
148
47
4
15
126
33
3
56
54
144
91
99
15
197
75
21
73
111
99
91
21
3
172
15
4
33
75
39
99
73
4
39
129
39
73
75
73
197
111
73
47
91
99
91
144
197
127
144
99
144
75
47
91
47
99
197
129
94
99
129
39
15
73
21
99
56
197
21
99
94
39
148
15
47
75
91
148
15
47
56
94
148
73
144
75
129
115
91
111
3
99
4
73
39
127
39
111
148
73
33
54
94
56
99
156
39
73
47
73
3
73
148
56
137
94
56
172
22
10
64
180
183
147
107
145
66
188
48
191
147
66
84
22
191
182
180
182
107
42
84
128
183
66
10
128
22
188
64
146
182
191
158
10
62
84
188
81
191
158
10
147
188
158
136
153
22
182
128
10
124
146
107
126
183
182
22
182
84
107
64
66
64
182
147
64
107
62
147
62
153
128
10
180
48
128
183
84
145
22
62
64
147
64
153
136
124
158
10
182
22
128
48
146
10
124
182
191
10
145
180
146
136
147
64
14
107
136
183
126
48
182
66
158
153
155
158
155
182
136
10
22
62
48
10
188
66
188
145
146
22
182
191
183
158
22
180
62
10
145
155
180
64
107
64
136
153
180
64
180
153
22
32
48
146
64
145
147
153
155
84
10
32
128
146
48
145
169
191
146
138
182
188
182
64
146
191
62
126
48
145
64
146
124
145
158
10
128
66
22
146
48
155
188
136
124
128
182
84
182
188
153
155
136
62
64
124
182
62
76
153
182
188
48
183
188
48
183
22
124
62
66
188
147
48
22
128
62
147
66
136
128
46
182
62
22
136
22
145
62
180
191
22
188
107
64
158
62
188
62
10
182
22
136
182
66
155
48
183
146
48
10
145
84
158
4
182
158
182
22
136
147
153
124
128
58
107
10
84
161
182
128
84
147
117
45
112
117
32
101
24
141
197
1
186
163
194
1
140
31
0
199
140
117
163
186
125
92
32
86
186
120
38
186
106
31
121
125
31
0
86
67
90
125
101
103
31
38
1
0
90
112
199
106
70
120
194
163
101
117
106
120
112
125
141
117
112
92
141
0
194
163
140
194
106
120
1
117
106
194
67
86
163
125
92
67
140
67
86
140
121
163
31
70
90
141
0
45
86
101
70
121
31
121
125
101
86
103
106
101
1
106
70
45
125
101
125
106
120
163
112
0
140
0
163
86
106
16
112
67
86
125
112
163
32
117
16
67
101
92
68
186
45
125
103
106
92
103
32
168
38
16
194
38
117
1
86
0
106
101
103
140
199
32
117
67
120
31
67
199
163
103
0
45
140
32
70
102
106
70
199
90
199
117
125
1
121
70
67
140
120
140
194
186
38
112
31
140
194
125
101
32
38
20
38
45
121
140
32
106
186
31
67
140
125
45
112
92
90
70
86
1
163
103
195
86
163
65
32
114
103
186
31
86
101
38
141
90
186
32
117
106
86
103
141
149
92
38
141
121
32
31
186
117
141
67
112
45
101
16
101
32
102
1
186
163
16
194
117
125
86
31
101
186
74
199
92
102
0
70
140
45
66
1
121
16
32
102
121
125
141
0
117
1
194
139
102
163
186
106
0
101
194
117
54
86
141
101
163
31
163
186
31
1
120
31
38
106
192
45
67
141
70
102
163
0
102
163
86
16
125
38
163
117
32
70
194
121
31
121
106
199
38
101
1
133
106
188
4
45
31
120
106
112
31
67
194
199
102
67
38
51
103
77
121
103
1
32
199
32
92
125
186
112
32
38
140
117
86
45
31
120
31
140
86
125
31
112
199
182
0
140
110
117
1
16
101
31
0
140
199
192
0
125
120
106
125
102
163
192
16
112
0
199
102
120
45
112
140
186
92
194
16
70
45
106
103
58
163
112
1
163
101
106
103
92
163
140
121
194
101
140
112
117
92
57
103
117
163
140
38
86
199
0
186
199
0
199
70
103
112
90
70
125
112
31
121
16
125
32
103
194
38
31
141
45
92
16
121
141
194
141
86
16
45
103
32
194
102
101
16
141
121
1
106
31
45
31
163
106
67
45
103
0
102
45
38
106
32
16
45
90
103
121
92
45
31
117
70
103
16
180
38
92
117
112
101
117
163
90
92
117
38
121
86
45
101
106
31
45
194
121
106
86
101
70
163
92
16
101
0
103
102
120
102
140
32
106
103
112
16
0
120
125
117
59
45
125
1
117
31
92
106
31
121
86
92
38
45
117
125
86
16
86
90
140
112
67
38
102
45
103
199
70
67
199
1
163
112
140
67
125
38
117
45
126
194
163
45
121
90
106
70
1
70
67
70
163
0
92
125
38
86
16
102
38
45
1
92
86
140
121
1
106
199
15
194
67
112
38
117
81
121
90
120
163
92
45
0
70
0
67
112
31
194
67
191
106
199
86
163
125
70
117
0
102
38
102
32
92
186
140
163
121
92
45
32
121
16
101
117
103
101
31
186
0
102
29
186
31
70
102
31
1
0
103
125
1
121
38
199
194
186
38
117
32
103
67
11
45
125
140
186
199
141
70
0
16
101
121
199
120
141
102
32
125
90
16
38
67
86
70
18
125
9
21
90
16
125
106
92
101
141
120
106
186
92
102
153
140
16
194
121
101
112
16
194
120
16
140
45
186
31
186
188
70
45
141
112
1
45
90
92
186
112
102
140
70
16
112
120
112
102
121
102
92
141
120
92
0
90
194
125
92
112
38
112
103
106
93
140
1
117
16
101
117
29
137
1
90
1
199
141
67
121
31
84
1
32
112
121
140
102
140
67
125
163
16
106
112
1
121
117
38
199
103
1
92
45
103
67
140
86
71
112
199
140
101
107
1
194
141
112
0
112
103
141
0
199
92
86
117
112
32
125
120
67
86
31
67
188
199
187
16
106
16
106
102
121
101
120
38
102
70
186
121
0
163
125
199
1
107
90
194
117
103
67
31
1
163
120
17
31
92
31
92
31
45
51
117
32
125
140
70
92
140
186
90
101
141
16
101
199
31
141
101
38
140
38
125
45
0
70
117
140
125
70
45
16
140
80
32
38
45
38
121
45
163
194
86
31
32
106
199
117
70
186
90
101
31
45
32
86
125
199
100
109
57
65
21
33
109
31
112
45
196
63
9
15
38
45
108
24
49
61
38
61
4
144
2
91
181
134
24
181
31
33
112
100
112
51
31
51
2
3
109
65
109
33
31
21
87
65
81
21
108
65
45
49
24
116
51
63
15
3
116
15
2
181
108
31
63
116
87
186
33
2
89
65
21
63
3
91
172
3
94
181
154
49
117
87
65
117
2
61
116
45
108
39
100
65
87
61
3
91
87
90
9
3
94
112
2
117
2
87
21
144
49
116
71
117
31
196
81
45
21
15
112
9
116
2
51
43
21
9
81
4
196
21
111
87
117
43
65
9
46
61
112
15
100
91
63
81
91
51
2
91
181
116
11
71
94
24
108
112
38
91
49
2
181
49
61
116
91
144
109
49
96
61
33
81
196
2
109
144
9
84
49
181
71
31
63
31
30
91
24
115
196
91
49
71
21
9
21
63
4
61
100
61
4
89
43
24
117
91
152
71
3
94
144
49
94
144
15
111
49
108
111
38
3
31
24
111
3
4
9
43
49
38
196
108
117
104
133
181
91
24
51
112
116
24
61
3
111
117
15
65
51
116
43
108
111
108
45
21
154
46
3
109
117
45
65
111
63
65
108
24
49
196
144
81
33
71
49
24
112
63
51
33
87
45
63
49
117
31
38
31
89
21
63
61
71
49
81
109
97
2
71
49
51
196
45
15
138
112
91
61
89
154
116
45
49
117
71
38
181
71
31
89
45
21
45
91
109
91
24
65
154
112
33
21
38
91
112
144
154
81
63
4
9
63
43
4
38
181
111
94
45
31
181
65
2
181
33
144
15
65
32
116
91
45
89
181
43
38
111
63
65
133
61
117
4
117
154
111
45
112
3
108
4
63
38
45
33
3
196
81
2
65
2
181
108
181
79
61
100
21
65
154
116
154
112
11
45
116
61
43
89
15
31
81
3
2
63
43
111
45
154
108
43
49
144
89
38
21
49
9
111
4
9
87
24
144
89
51
81
181
116
87
49
43
61
117
196
45
111
81
24
91
9
3
144
100
196
91
109
51
53
144
9
87
154
61
2
100
24
38
43
9
65
100
24
38
15
31
94
77
63
87
33
109
49
132
4
100
94
24
81
3
21
117
111
61
154
87
117
81
112
117
49
33
65
94
68
63
81
33
24
33
24
89
40
94
63
181
111
51
144
116
108
117
115
2
31
3
107
158
33
15
51
112
38
45
4
15
87
21
51
65
112
111
65
196
91
43
4
117
9
91
87
2
38
91
108
116
81
154
51
3
98
65
31
144
87
111
21
116
172
27
2
51
21
109
71
4
100
63
55
181
125
196
144
196
117
137
89
33
2
67
24
181
33
81
112
87
109
91
51
111
43
94
15
21
196
111
117
196
34
21
81
9
111
31
111
49
116
3
100
117
108
87
51
9
81
45
196
2
89
31
144
154
112
61
33
24
38
45
144
108
111
2
33
81
71
45
91
117
91
108
112
181
2
3
81
3
31
89
65
108
94
89
61
43
94
181
94
15
111
181
31
63
109
154
91
154
122
111
94
43
108
111
3
33
2
4
144
15
4
116
109
116
108
117
149
181
111
51
65
3
63
91
81
9
94
63
94
15
4
100
181
9
21
4
65
94
154
9
2
91
51
63
87
24
21
4
126
3
51
43
196
31
168
91
65
181
3
154
94
154
144
33
63
117
33
116
9
100
63
43
109
89
3
196
31
38
144
181
111
128
33
45
24
144
33
144
9
144
43
63
21
100
49
15
91
144
9
108
117
2
38
33
109
45
196
65
49
154
3
49
9
81
9
49
71
94
116
111
45
4
24
71
31
4
111
116
111
71
51
43
38
94
144
2
181
87
33
181
2
89
71
63
43
71
154
4
116
89
51
91
3
2
24
65
91
27
4
81
9
196
63
94
31
117
87
109
61
45
43
15
116
100
117
196
116
196
38
21
89
169
128
108
181
117
111
196
38
15
31
111
51
109
63
144
2
24
91
45
61
117
100
154
94
15
45
181
134
3
51
94
100
21
108
89
15
9
154
33
43
112
15
4
21
33
15
100
181
196
49
70
33
91
196
9
108
100
3
100
61
71
89
65
15
100
109
181
65
116
181
117
108
31
15
24
43
181
94
89
144
31
21
99
49
112
181
100
38
94
38
24
11
112
108
21
109
71
182
197
34
155
181
111
164
34
180
66
175
73
155
158
127
131
158
66
131
64
15
127
155
41
197
53
158
15
34
48
144
66
177
144
15
145
148
162
155
50
172
174
197
48
50
41
50
197
54
130
34
64
27
111
41
183
139
148
124
180
24
73
25
83
191
183
164
53
197
182
175
158
83
41
83
173
42
83
55
111
64
66
144
145
64
73
41
73
139
173
144
164
145
164
66
77
55
53
55
111
124
131
83
66
162
197
173
155
158
64
155
130
164
173
83
158
130
64
139
41
73
174
166
34
27
145
69
48
155
162
66
144
182
162
173
111
164
64
48
59
182
124
97
54
197
145
197
183
175
53
174
183
144
34
139
191
145
111
33
130
73
145
130
158
173
3
180
66
155
148
131
182
132
155
162
144
73
64
175
158
174
197
50
118
48
111
130
155
111
162
191
139
131
15
173
48
144
173
73
188
180
173
50
155
173
182
41
182
175
182
158
124
131
15
124
15
66
48
173
34
174
158
131
124
126
197
148
64
66
34
127
66
148
50
174
15
148
183
139
182
34
131
130
191
182
145
148
155
162
139
180
130
73
197
144
148
164
124
55
155
173
53
191
111
41
111
180
34
144
155
127
139
162
158
182
180
175
197
73
144
139
144
174
66
162
46
66
131
175
162
180
83
162
144
197
182
175
164
175
197
174
50
111
139
191
155
144
183
162
66
83
180
66
50
130
164
15
158
139
130
182
145
55
164
66
55
191
192
73
34
66
174
41
50
41
66
55
175
180
55
164
83
130
50
83
145
34
48
111
182
145
34
130
158
55
139
164
124
41
197
111
15
153
145
130
41
174
53
131
50
158
66
130
127
50
130
48
34
182
66
127
164
48
127
182
124
41
127
183
34
160
139
167
48
81
111
34
139
131
53
83
55
50
191
124
191
197
173
130
144
172
164
191
53
162
173
197
64
139
50
34
67
50
183
15
148
180
144
173
174
53
162
158
66
173
155
55
131
48
130
139
191
197
83
41
180
130
173
148
66
0
175
34
158
53
164
34
144
55
23
34
64
111
50
124
83
50
173
155
66
41
139
145
53
144
45
164
144
139
15
197
55
50
173
34
164
162
83
50
75
131
174
64
127
64
130
173
66
55
34
53
174
173
182
191
144
155
139
145
162
127
64
175
83
55
197
180
127
148
11
83
144
41
73
48
15
144
66
144
73
66
73
55
83
34
53
83
55
180
66
178
15
158
191
9
41
175
73
158
174
145
162
34
130
34
53
197
182
173
64
73
41
83
158
131
130
164
175
174
15
53
180
183
191
174
131
124
111
73
173
191
174
158
144
158
53
197
175
111
173
34
162
145
148
164
50
73
155
111
197
174
83
127
41
122
191
15
145
180
169
174
175
155
15
124
155
139
53
66
111
124
174
53
91
174
182
124
130
55
127
41
183
182
124
173
191
55
10
55
191
73
173
73
64
36
197
174
73
53
66
111
41
164
183
73
83
111
155
127
145
191
148
155
50
73
130
111
164
175
83
15
182
130
55
191
139
162
130
50
48
155
130
48
131
55
124
41
15
83
162
191
90
182
82
182
55
53
124
34
50
66
164
15
55
73
162
144
148
50
73
155
191
131
173
111
50
155
41
139
34
41
144
130
158
127
48
155
158
162
144
15
64
50
127
64
155
158
180
197
158
53
131
144
55
48
145
53
164
139
158
15
50
53
174
83
48
66
124
83
144
50
48
64
50
175
83
191
145
148
197
34
180
124
55
111
55
34
55
139
127
139
53
180
64
55
53
124
66
139
175
148
175
183
15
173
148
175
144
48
55
53
50
127
111
175
183
111
164
48
66
174
53
197
139
73
144
162
183
191
197
111
41
64
139
124
148
66
50
174
144
191
148
180
130
191
173
162
158
16
66
76
182
83
66
180
145
191
124
174
173
191
50
162
173
83
139
64
127
50
162
199
50
145
148
144
64
15
155
131
183
189
46
162
173
127
73
50
48
66
180
48
41
191
66
50
53
64
73
162
197
15
124
158
155
53
182
174
173
182
145
162
124
158
53
158
15
197
182
34
41
144
50
64
164
148
164
55
64
131
45
127
173
111
155
191
66
148
191
55
2
158
127
34
183
174
182
34
127
158
180
174
155
124
83
197
164
111
182
83
53
127
175
158
41
124
111
173
50
183
158
34
48
50
55
50
145
130
90
157
90
135
170
177
170
17
49
136
177
158
166
120
62
135
185
135
153
145
84
158
84
166
67
153
124
153
114
140
24
120
67
90
157
17
16
62
158
155
17
160
158
155
67
198
62
42
17
42
135
153
155
153
177
119
27
90
158
22
62
90
170
22
124
160
114
17
183
160
27
90
27
62
67
170
180
136
158
124
166
185
170
179
90
157
155
135
62
17
145
16
170
114
157
27
183
27
183
22
62
143
135
153
158
90
136
16
64
145
124
42
84
170
128
64
120
62
160
153
183
160
157
198
136
119
170
67
16
158
65
198
183
158
135
84
119
183
40
90
155
40
157
166
40
27
62
84
17
166
185
90
124
16
124
140
124
155
140
166
22
183
124
157
180
16
185
160
114
170
136
157
62
183
135
168
153
155
140
185
157
114
166
153
177
183
170
183
114
155
145
27
198
64
16
64
166
124
67
84
42
166
140
119
155
135
32
42
155
17
124
27
67
62
119
17
62
185
120
177
90
27
98
170
158
183
22
124
120
50
180
158
119
114
62
158
170
153
62
166
64
90
84
135
114
84
177
158
62
158
185
158
40
90
177
185
13
124
155
160
62
124
180
90
16
90
27
84
145
155
140
16
135
67
160
183
140
119
140
67
62
153
17
84
170
198
62
67
157
119
198
140
177
135
157
119
135
177
140
145
135
158
119
153
40
17
90
27
84
135
198
67
120
17
16
185
136
16
114
153
62
140
153
17
62
158
166
84
90
170
177
120
157
16
166
157
16
27
170
17
22
42
178
153
180
17
51
64
180
135
147
155
90
136
160
198
185
90
153
42
114
145
136
170
185
192
62
67
135
22
42
155
62
90
140
170
124
158
140
183
84
16
114
22
145
124
140
146
198
180
16
22
183
22
120
160
197
27
90
145
114
157
124
136
27
185
67
198
183
145
185
198
22
42
185
42
120
158
16
157
183
90
158
16
40
158
166
22
198
135
16
90
40
42
170
157
22
136
95
16
119
177
136
119
158
16
140
177
27
183
67
62
160
120
136
17
84
140
39
136
185
42
153
185
120
114
40
22
155
140
90
22
153
93
170
119
160
166
135
170
17
180
103
120
180
198
180
166
90
17
42
180
67
62
157
124
109
120
183
158
22
103
160
42
22
180
22
120
16
114
160
114
27
155
153
136
16
153
64
62
64
140
160
16
40
17
166
153
90
158
177
170
22
27
183
114
160
59
16
135
90
170
158
183
157
84
90
170
62
90
64
170
140
170
40
17
16
136
114
120
124
84
22
166
136
16
27
140
22
140
162
180
144
124
17
136
160
183
27
157
145
62
198
177
16
17
183
107
104
160
40
119
157
185
135
62
170
160
64
140
40
158
135
42
183
185
114
135
140
185
157
67
119
155
120
42
136
177
135
185
166
158
153
119
27
157
180
64
42
62
129
198
62
185
180
155
170
145
124
157
84
155
119
145
46
166
14
90
40
166
84
185
64
153
83
119
161
67
16
120
185
180
62
90
84
16
40
145
148
27
155
90
22
157
183
177
17
90
119
170
114
22
67
185
40
90
170
177
140
155
124
185
124
166
16
40
170
183
166
155
64
160
180
136
142
21
64
170
166
157
114
170
17
67
177
155
145
136
170
119
140
62
67
136
67
114
67
140
160
114
185
90
140
84
42
84
120
140
17
170
62
135
140
160
155
16
22
153
140
64
160
16
158
64
27
119
136
177
193
140
67
183
17
166
42
155
64
136
160
136
160
158
155
22
189
16
157
193
177
145
140
124
185
67
198
124
177
84
40
16
114
160
114
157
160
185
62
140
120
22
120
145
90
67
62
185
40
136
67
119
166
114
135
84
129
155
88
22
160
157
93
158
153
180
145
90
158
153
120
157
180
84
157
22
64
153
22
157
158
67
119
64
67
170
198
39
136
189
42
180
170
22
180
114
46
140
27
22
114
185
140
17
22
124
145
27
155
124
160
172
198
114
62
157
153
119
166
185
177
135
17
64
160
84
17
155
114
64
158
114
153
155
180
145
22
169
140
42
145
42
62
185
155
170
158
185
170
16
27
140
64
160
22
155
119
166
84
135
160
22
114
62
140
166
153
170
180
120
18
17
155
124
120
198
40
135
17
67
135
64
22
157
114
3
185
22
119
198
22
185
64
153
64
166
177
90
166
185
64
27
67
17
136
155
42
16
158
196
153
166
124
62
170
198
16
11
69
58
82
19
54
167
30
60
44
8
29
171
14
172
93
187
152
118
150
128
188
128
6
118
195
36
115
14
20
143
72
113
60
150
179
82
115
107
14
142
7
161
12
99
179
47
118
57
169
33
8
23
107
123
69
11
107
96
159
56
23
85
150
133
30
189
192
176
25
101
13
72
126
193
192
187
7
171
14
6
36
189
76
26
44
8
155
110
26
134
182
179
96
178
112
187
172
23
122
39
12
104
75
161
172
88
149
68
75
82
193
110
69
168
79
139
150
165
168
68
134
74
54
179
74
107
40
113
54
149
60
6
30
76
59
98
126
161
126
76
122
184
77
59
88
46
8
184
118
77
193
60
172
69
128
26
14
97
17
122
93
142
152
176
107
142
190
52
149
18
54
85
147
39
172
159
91
156
72
165
134
86
28
133
150
188
189
176
193
143
161
28
69
5
122
36
91
190
52
75
18
52
72
6
69
146
132
99
195
54
57
176
25
134
13
28
39
8
156
99
69
80
110
87
25
195
182
57
192
88
182
151
189
171
105
6
129
8
150
105
192
98
60
190
30
193
184
43
122
19
75
59
190
82
182
11
118
179
118
167
161
138
110
75
182
19
178
167
77
75
146
77
168
148
72
113
39
189
122
172
20
58
147
126
19
28
29
26
76
13
39
193
56
150
188
143
69
7
24
14
182
179
19
193
88
26
143
149
132
11
12
11
97
193
28
56
159
19
138
151
195
82
28
193
158
88
14
2
78
134
149
23
57
72
54
37
146
14
176
8
188
149
88
159
80
2
165
44
113
39
155
184
134
10
176
172
171
151
30
165
52
37
12
189
113
160
23
113
68
133
176
77
76
129
132
123
68
177
75
176
74
134
168
59
34
128
44
117
23
88
150
147
47
26
60
143
69
168
96
138
99
44
188
195
188
110
117
26
35
156
178
18
68
47
59
77
80
60
56
6
96
60
74
129
79
68
69
97
95
79
75
159
149
85
11
193
165
50
179
47
79
172
161
26
110
52
146
165
192
78
7
13
20
137
84
126
190
5
29
0
142
89
192
52
133
176
171
184
162
29
39
156
47
52
167
98
142
146
176
159
129
77
151
184
68
187
95
184
59
72
69
10
14
39
143
190
17
82
192
182
193
23
179
161
19
14
195
161
57
11
26
28
26
143
195
115
107
96
150
169
172
167
105
132
122
14
182
151
30
39
134
115
10
98
76
82
147
80
88
187
156
118
105
79
14
138
6
89
23
79
23
44
151
187
104
98
156
88
77
178
79
10
128
117
8
165
10
118
129
57
35
195
54
10
176
124
179
113
146
126
37
142
146
46
184
35
159
138
96
59
122
187
126
167
98
54
10
8
105
193
192
3
110
168
78
147
54
132
143
78
95
110
26
176
28
192
188
142
138
11
168
10
47
99
82
126
182
118
72
69
134
68
151
167
184
109
159
72
188
13
115
46
6
88
37
129
107
167
110
180
14
169
150
193
187
60
151
110
36
75
76
79
188
107
95
59
189
25
169
149
172
72
126
23
39
146
184
187
147
138
37
39
96
184
182
146
179
99
169
59
147
76
156
39
155
132
12
99
94
12
29
13
97
113
192
58
190
30
44
72
146
57
167
29
26
171
77
57
123
78
146
138
25
138
122
176
58
44
59
72
134
60
12
115
93
56
28
46
36
176
146
30
60
152
79
6
78
190
132
39
78
85
128
57
165
23
78
172
98
128
44
10
126
5
24
20
37
165
79
133
88
76
56
47
118
159
182
52
20
133
85
68
156
72
82
29
115
59
107
176
23
82
7
6
7
132
105
171
35
176
134
125
10
85
187
167
96
105
20
118
168
188
30
11
151
52
120
172
59
128
119
189
57
77
46
35
169
152
159
132
44
13
196
69
132
74
6
105
88
126
134
36
161
184
88
52
88
29
19
132
176
12
29
142
107
19
104
189
192
19
184
126
156
179
97
67
151
8
98
111
189
37
76
199
168
123
72
98
72
54
107
52
78
118
36
115
133
178
122
37
104
97
35
13
72
138
126
149
172
178
37
85
115
176
74
178
7
150
141
37
60
137
26
8
57
58
143
104
26
150
13
149
60
59
190
5
8
96
26
110
168
69
104
13
169
19
8
60
30
60
69
95
52
176
52
197
57
30
178
8
189
138
149
104
74
143
176
143
6
190
143
159
104
133
137
58
138
104
52
35
96
59
5
35
85
7
37
126
35
8
169
69
104
45
69
149
176
104
5
52
168
172
159
178
143
115
30
143
85
138
25
60
96
60
95
178
115
25
13
139
30
72
69
176
5
159
8
172
28
199
74
189
137
59
30
13
54
178
69
30
95
137
37
167
7
8
168
96
59
69
198
138
143
37
189
85
149
74
149
150
167
150
57
35
26
176
30
110
136
149
85
143
58
115
25
178
95
69
25
138
96
88
85
37
189
72
60
5
52
5
7
25
35
149
19
28
175
94
41
121
65
193
93
2
23
179
94
188
22
26
144
62
103
61
161
35
56
123
34
60
193
101
72
192
196
69
138
38
72
88
137
151
118
51
180
175
3
109
146
83
79
20
45
8
183
55
169
39
36
193
126
172
159
179
4
48
13
62
173
127
30
183
172
148
173
178
169
32
102
25
73
1
103
31
74
107
16
155
176
1
70
13
35
95
1
17
170
92
158
59
52
98
24
13
97
29
99
37
150
151
119
131
160
116
132
100
140
105
23
85
107
38
43
176
197
91
127
176
56
8
85
171
64
84
69
187
50
55
39
82
69
167
79
12
5
75
154
77
187
134
36
76
29
11
44
168
79
38
54
151
132
113
128
8
90
59
153
56
128
10
171
137
36
60
183
37
54
7
51
47
164
58
153
117
13
36
77
34
38
150
74
97
96
112
149
128
151
135
83
134
74
69
147
184
168
167
64
139
28
4
126
184
56
48
71
129
6
110
29
184
133
69
19
5
89
158
193
33
1
193
55
13
22
105
191
88
51
107
110
20
79
159
88
138
141
4
84
107
50
123
33
66
109
5
168
177
140
33
157
12
136
31
111
124
118
8
167
142
136
170
102
198
153
67
94
146
142
53
46
92
175
122
36
69
42
49
100
6
71
193
136
122
125
141
76
62
174
199
184
154
82
135
64
69
55
126
191
130
136
73
88
110
177
28
31
60
168
54
159
193
32
153
137
98
78
42
26
18
21
174
150
27
43
157
121
122
106
134
115
165
185
52
120
29
46
150
181
56
92
195
171
118
168
99
124
193
139
78
111
100
48
187
151
50
188
109
50
194
0
93
33
23
28
76
161
61
108
107
147
53
146
182
155
56
96
152
174
33
196
119
197
138
20
131
162
97
181
180
70
32
144
89
142
118
49
65
166
16
18
188
10
129
193
10
191
160
40
52
176
135
20
98
181
7
91
86
2
28
81
23
131
129
15
26
73
171
24
9
97
63
86
166
67
89
9
18
17
13
37
70
150
66
124
174
153
2
46
85
154
32
165
172
24
69
55
124
88
137
105
86
54
36
199
142
103
189
168
140
16
86
77
54
142
73
100
138
127
48
119
81
59
112
166
119
15
49
111
120
11
168
171
184
79
72
114
156
146
34
148
150
77
82
63
47
29
22
70
12
3
39
137
15
29
88
44
149
141
188
174
85
182
99
59
102
2
164
147
67
48
125
54
136
174
33
63
8
9
99
24
56
9
86
32
172
2
146
96
74
153
24
51
57
35
121
161
49
87
18
162
187
44
96
162
84
169
133
51
166
61
28
31
114
77
54
40
135
62
11
12
114
152
61
183
78
149
179
12
78
127
188
76
183
41
166
154
72
155
67
159
52
54
0
40
103
198
174
57
87
145
114
113
37
60
33
186
133
141
12
176
143
123
11
164
110
81
50
49
157
109
155
56
37
147
127
75
124
53
159
116
68
169
47
41
87
84
186
60
77
94
198
1
164
70
29
133
199
15
40
135
189
187
170
69
19
102
66
68
27
67
96
11
177
186
82
20
142
9
78
46
189
58
180
14
160
91
13
175
157
4
89
18
14
78
38
63
193
157
113
64
119
136
12
140
36
3
47
190
159
11
30
87
107
173
156
187
58
179
18
45
197
77
39
121
158
143
60
171
27
64
70
33
64
20
62
122
52
138
56
103
4
24
35
62
128
118
91
3
16
54
22
49
60
186
29
91
135
87
147
97
7
161
114
48
87
12
174
83
33
91
66
91
121
178
23
173
68
188
81
45
49
121
88
5
148
36
135
111
125
142
44
95
110
194
123
109
178
108
186
125
49
35
196
94
187
109
49
149
90
145
167
83
190
47
44
191
48
104
162
42
124
95
7
184
198
187
177
110
38
47
27
70
149
25
81
45
172
9
86
84
169
145
121
76
184
53
84
178
105
151
73
85
46
0
176
49
54
56
20
145
162
165
73
40
168
100
59
15
61
165
193
116
37
146
114
117
101
107
157
24
123
69
77
5
2
130
15
131
56
102
188
60
143
160
191
179
13
146
103
116
80
5
112
23
35
166
32
31
53
65
96
102
145
49
199
37
61
126
46
29
101
159
108
86
59
127
55
146
40
169
112
150
115
16
35
197
100
67
45
79
157
184
156
115
114
4
66
13
78
34
187
4
37
92
1
5
73
99
74
46
3
177
124
145
31
176
20
12
68
63
150
152
134
118
196
175
6
179
48
175
108
199
32
186
165
